2 8
1 2
1 2
9 5
12 4
9 10
11 2
15 11
8 2
14 13
4 5
3 4
13 3
11 7
8 3
8 8
4 13
6 11
8 3
12 3
15 4
2 10
12 3
15 5
6 5
2 11
11 2
12 7
9 6
8 3
15 2
3 2
6 14
4 6
14 2
9 4
5 9
8 15
10 6
7 5
1 10
9 2
7 4
12 2
1 7
6 2
8 12
3 5
12 2
8 4
5 2
11 11
13 5
15 2
1 13
7 3
3 11
1 3
12 3
3 4
9 2
14 6
5 4
7 3
2 3
2 2
4 6
3 10
5 6
15 9
1 2
4 2
3 7
12 4
12 2
7 3
7 3
14 3
15 5
13 4
4 4
12 5
7 5
3 11
2 9
5 6
4 2
7 3
11 3
8 5
5 9
3 8
13 2
2 3
5 11
6 2
7 11
4 7
11 4
1 4
11 2
2 6
14 3
9 4
5 2
5 2
9 8
1 8
9 2
9 2
2 4
8 3
7 5
9 4
8 5
1 3
12 14
3 5
7 4
2 3
13 3
9 4
11 4
15 2
5 12
9 4
11 2
3 2
15 7
12 6
2 8
7 4
4 7
9 3
15 10
6 4
11 8
7 8
5 7
14 14
3 11
2 4
14 8
4 2
4 13
3 6
11 9
10 4
1 8
9 3
10 12
14 14
8 9
8 15
14 4
13 5
10 7
14 3
2 3
14 2
6 6
10 8
9 8
1 6
3 12
5 8
13 10
2 2
2 5
2 2
4 9
10 2
15 3
8 4
7 2
10 6
                                                                                                                                                              282965979999999999199971    546542                                        149193                22
                                                                                                                                                                432139999957498999069 11  31 6954                                   11  249092                 2
                                                                                                                                                               1   2599975998989079999254991216551                                 23313389331               213
                                                                                                                                                                4457999996996999099175 59998655251                                3379922364              118956
                                                                                                                                                                39999199999999995999112991995231564                               69299654151              24434
                                                                                                                                                              1290991989911919999752 16995999954996                        1     2199996 1 21                  1
                                                                                                                                                             29999019999099994997833389992399816995                       331221229999097341  1                1
                                                                                                                                                             29997099919994767999051399988738893411                    2547323 4269798986582  2                 
                                                                                                                                                             279086699999109099999496485197508531                      24523     5221  32873153                 
                                                                                                                                                              53699699999390971995659995558916788112                    42463224311      323792                 
                                                                                                                                                             235214499699269979998129799899999995111                  1 2121 26922        4244                  
                                                                                                                                                     21   1   1423211126799569999747199990099989821                   1212  1471724       13                    
                                                                                                                                                    11412112    2      11599999995140999999948991861                  2 11353675822                             
                                                                                                                                                    127 23 1    11        39299354 675999909658714                     485929849461                             
                                                                                                                                                     166 174 412          18954224524919999963151                      2409999656551                            
                                                                                                                                                   31899538331162          32552 12439976177 41212                     6589999999995                            
                                                                                                                                                    7093 38645894  11 1     3      279951023    31           2         89999939999442                           
                                                                                                                                                    4982136899995211441     13    25799699941   33         131    132 2636965999591                             
                                                                                                                                                    295 1  499919993394      12 15231985944531  881        1692121186   798689862342                            
                                                                                                        11                                          16442   4899998445121    11431   13 4543 2    1        2496697 3   29843 56954951                           
                                                                                                      148422                                         5 11   379986182622                1  323     1    1 11797984241 249822379895922                           
                                                                                                      63354521                                      1  51    3794322345                11 113  3    1   28579498721 4576321149999946                            
                                                                                                     1326298943                                       24     4336651 22                 54211 583 1314569695798766 2897152   27977332                           
                                                                                                      2899497432                                     423     353 422          22         13   2992 59679956984 2284499967 11   99872              2           16
                                                                                                 1123127998077231              11311               1365474    2              211          1  11265689999996554 2 17699995241   3971              4         1  21
                                                                                                  1 3579998991323521254  1214  72181     1         49764981                  1113         143234133559437757212     494373621459931    2        2 3        11421
                                                                                                 18548490999994 1273527951377 26113     6 2        384397798                2   1        22146211  1 64551511 43    3974 4214786651  242        31151   11235591
                                                                                                134454692499742  2473326323696992 1    165 1342    4322898963               26  131       1113 1      2212    1 13  78743 155491822 15511      1 26511 11 227976
                                                                                                154191963584791  66389662239999973     65126121 2 4341268999342             12   12     3242   2    1122121     226294363156313222 21212      1 229932453 179979
                                                                                                1131799455689121 422245321169291822  2674  1131393533226289951              12    1     4752   11   11 12         264323 4512 2  2  2  2      2 184216254 319975
                                                                                                2763797774994 551221236721  3377121 2114    2337435241 11 9531               4    1     1331 731    11 12           2211     14211  2  311   15496653 3211759944
                                                                                                4669775264556 368231 369921 1634  12 141    113141 344   332332            3123  2     25   222222  121            31              1664232 123445565 16489659599
                                                                                               159998995112631493876158978   231               13116945 33  1 4       162 21 31513    1293235  111  167  1         1              2 2541 11137993634449579887919
                                                                                                4539995735231  1237190194    1                  12359789743    32     161111   43     18511 3    1114741227                        12411136 55992589997145749286
                                                                                                 39708879332  22749999641                         1596999641  4875 23143       6651     11 2      21 995331                           1 1 2 1663 569832333221535
                                                                                                148995953 1 13595439753332                         179984332 2899895884921     34511             152519949 111                           23712116959432158463739
                                                                                               24349929331111137533375243                           23853  4359832998688 2     3111621            133495154724                     2     4419424 474623  5669799
                                                                                                3224213533 53  33214627822                          4113   5862455799986          1592             124255573  21                 3251    41521351242 612 2919896
                                                                                                22341221 38669314246115665                                 97992 549645           1154               1138981  21                  122    4741211 1  121332909 51
                                                                                                 1331 1  13888454361  213                                  88796 157763            2642                12592 241                  1345    421       1 3337945889
                                                                                                 1321242    5553542   121                                  4296511992974             32                 12716585                 133531  474           1 6862549
                                                                                                  32 26     155294    54                                  14173113722192             1                   6444492                  143511 4631 2 11   13454637915
                                                                                                   5 3        44442    2                                   12312 1   132         11 11                  3281 592                  1751213475563126   15864477345
                                                                                                  132         262111                                       5213 1  1              112 3                 135 3441   11              295913899652247213 22  253275
                                                                                                  14          126 11                                         1433323              21 13                 15424832 115  17         12664779199969989752 2    25452
                                                                                                   242           3                                           1311613 1           4321                    2266543 13521622         1133699996899991454331   23935
                                                                                                   121          122                                             133231          1 311                  111581 23159961211         11 3999959956933324142   28963
                                                                                                                                                                362 3           1111                   458983 253695222              99994899994 22283          
                                                                                                                                                               231313            4                     6998293244465111         1211 41999967999631 32          
                                                                                                                                                              1545493            222                   4999959224  1111         11132126709955666    3          
                                                                                                                                                             23 234424  2521     111                  19999991421               1 11  11258859687   142 1       
                                                                                                                                                            2 1    132  4562   1341                   399990193                11    141 353419611  255742      
                                                                                                                                                            2           21 3   12212                1312979949731     1   2     1    471  21429932 1499131      
                                                                                                                                                            2           351531     1                 16799999995823 1328423    21    59583117946421246721       
                                                                                                                                                            32          2 4793      26               22415919997816596676652   361  1899533 168994244331        
                                                                                                                                                          3425 1       1 129964421  321              23 11790998867956856954  153  1169952126579986 121         
                                                                                                                                                           2 1332     1535599243665232             21371 16165979973992333241 11   56 93 2 24189997 11          
                                                                                                                                                       1 121 1 611 1 11 41995 3247156              1347212333277455599766411  1   132262  32 340992             
                                                                                                                                                      122352  233421233 6399113211295               326965122 1234898375452   2  3451 1  4 5857961              
                                                                                                                                                     41374315136431 11 55773113  2373                 6651111  15 498122326  132 255132  31125443               
                                                                                                                                                     39773  123842   2 189895    23 1                3776   2 1  199113212     21462753223    4 122             
                                                                                                                                                     28753   1461   12761321331  1                    492   365   22  222        4493534231  1   1322           
                                                                                                                                                      4732  1429521 1256 339643 2                     3232  489 1421 24142        6648265314641   25            
                                                                                                                                                      2312 1125447332 5799997943442                   4261  2273 571 252  1      391 2   26 9711  1752          
                                                                                                                                                     11911 115289731658999999679974                   19733   1  33    1          6615  15739931213554          
                                                                                                                                                      23634342320614189994999989985                11  4562           14          4721 12698989331212           
                                                                                                                                                       5753994559143 28884499999952       1        2113632            192        2441   159897613 1             
                                                                                                                                                      137666757151 429689999799924211  1133    12121 2621              32       13311   4227895                 
                                                                                                                                                      1135987994  1235499975999361871  2 221   2121           1        14       131 8213648598373               
                                                                                                                                                        2469995    11 4555399991234541 27431 1 1 1     15122 61         21      35444795536993111               
                                                                                                                                                         127588      322233456993  133 13375256472      152355            11112235395595423652                  
                                                                                                                                                           2591      1321   36899334112157631898993133  33434 1           2  11296923292  2732                  
                                                                                                                                                           11        1142   176 8994522413952991999913329422152            121194693 477 2 41                   
                                                                                                                                                                      111124886789998997259411169 9621 245748592             269832174443223                    
                                                                                                                                                                      1  27949987989994545521  12 65    3678659  2          13599672531 1 151                   
                                                                                                                                                                       218999996585605212 1      1962  253798981574          26997569413  321                   
                                                                                                                                                                      1 7790999822 383  31        2471 38599564175452112      386959931                         
                                                                                                                                                                       132999979 332962131         14  296959  33 452  4      1 64259651                        
                                                                                                                                                                        22689190423297246              139 6163413321 163  1415221 22211                        
                                                                                                                                                                        1281909951779965                 1311135941 3112   3  3     21                          
                                                                                                                                                                          79999495239922                  12112113 13275  251                                   
                                                                                                                                                                   5     1899932571354                          1325626   2541                                  
                                                                                                                                                                   221  1569969556 521                         141316121 3 552                                  
                                                                                                                                                                   78 2 3737909974                              3431 4331 132                                   
                                                                                                                                                                  1342 157222587461                              761 6511 1                                     
                                                                                                                                                                  2612  1511  33333                              681 41                                         
                                                                                                                                                                 3852 132622      22                            2 22                                            
                                                                                                                                                                  13  531  3    11                                                                              
                                                                                                                                                                      2    2131333                                                                              
                                                                                                                                                                           1   53                                                                               
                                                                                                                                                                               25                                                                               
                                                                                                                                                                                                                                                                
                                                                                                                                                                                                                                                                
                                                                                                                                                                                                                                                                
                                                                                                                                                                                                                                                                
                                                                                                                                                                                                                                                                
                                                                                                                                                                                                                                                                
                                                                                                                                                                                                                                                                
                                                                                                                                                                                                                                                                
                                                                                                                                                                                                                                                                
                                                                                                                11                                                                                                                                              
                                                                                                            221 3311                                                                                                                                            
                                                                                                            13521461411                                                                                                                                         
                                                                                                            16633336132                                                                                                                                         
                                                                                                             381 244311                                                                                                                                         
                                                                                                             1    21 2                                       4                                                                                                  
                                                                                                                    233331                                 152                                                                                                  
                                                                                                                   12323                                    3                                                                                                   
                                                                                                                    1  4  1                               1521                                                                                                  
                                                                                                                     123  41  124                2        372                                                                                                   
                                                                                                                      23 1323 33 31           11321        52                                                                                                   
                                                                                                                      124494211  311         12252    15212232                                                                                                  
                                                                                                                      4597895    1342        12816441 1611 124                                                                                                  
                                                                                                                     16184276     322        19763994 11141 131                                                                          1 2                    
                                                                                                                     1749976         11   11747989993461185531                                                                      1   22421                   
                                                                                                                     1543322         251124345199999978533561                                                                      151411161                    
                                                                                                                      643              4538769099999999324311                                                                      4144259751                   
                                                                                          11                          432              175 496948799919811334                                                                     31 1 177542                   
                                                                                        1 733                                          134 39715152998915399121                                                                    11   33442                   
                                                                                     11 12241                                            14 3797434359993699722                                                                   242111 243                    
                                                                                     146283                                                 23695 5437951597434                                                                     4361  2 1                   
                                                       1215                            351 2                                                  165454  12 449 45                                                                   29352    11                   
                                                       26961                          361  34                                                 13151     1541232                                                                   3377  1  211                  
                                                       39554                          333 1141                                                11332  11359756611                                                                  269234  2312     1            
                                                       3958211                      2117613 243 5                                               22 1134 39432                                                                     2989912  11     2412          
                                                       53996232                    54  332   2 5831                                             1 11 11 1                                                                        16114232  1      57162         
                                                       14780221          11        274  643  14954                                                                                                                          13241167331613133    1623361        
                                               14112    2787311         123         6823975  13791                                                                                                                          225135536231 12 3    31 493         
                                               222432  28397593         176         622 12111 34972                                                                                                                         15214211121  11  22 12123323121     
                                               226997113522 6992 11     1131         8212562345 4321                                                                                                                        212248255 3 1411  1  114945525      
                                      1  1     313498346 325844763     3444842    2  2 38877694 2 51                                                                                                                        39242284211223641 13 1284845441     
                                      3562     212973982127999693      52252472  1561  82989393 44411                                                                                                                       37031421   1 413    3313452421      
                                     227956131 1215455264277998911    3   169653334198254653904  223                                                                                                                        14911     1         2651  741       
                                      61629993  171  112  1199895314111  35964 34814463354333      12 21                                                                                                                    69962  1121112   1  193249991       
                                     2 1 2992   211    3  112799431 541  49992  321331268852        1364                                                                                                                   15 344435311 12 15131 745999721      
                                   22 11 454   42333   314221495631   221499981 12  11995752         143                                                                                                                    211431296621 346975416898999546     
                                   1 283267532 394 3   197  127541  3  159199983341133212771         12                                                                                                                      2241 4958 213969731472649966899    
                                      421355  12523241241123338874 2739499679981396894764421          12                                                                                                                     2111 3256226386132215212446844672  
                                       11 3    355923714211454799489999599999957999972491             1                                                                                                                    12223 2 1414355343   211 269994 362  
                                              1436115522169282997999793699999998997621451             512311                                                                                                               24334331   672235321     22919 23711 
                                             3916523  13567999999999953985989785897231161             1 2265                                                                                                               43682933114973478883 1  1446941135241
                                            1162 522   155999999999995169899921 2821 2232              22 13                                                                                                                 227448122521 364244 2352564  422552
                                            142  1  21 12590987999999962 65571   231  11              1                                                                                                                      56431676231  1 29955354532  3913344
                                                     311 69999899990973  33142   33                  1                                                                                                                       13642663       1360549631  12546992
                                                  1 1127268879919227789811 521  1378                 11                                                                                                                        2339321    233198436994 444549999
                                                 21533599991590898323991 31 1 3 35173   21           1                                                                                                                        23921211     389078635911288795897
                                                 133136859652995361  3232   3324484445   6         1243                                                                                                                       74531 1 15    89999522335676999965
                                               2125424395953331223    1   197231 11 4312822      164 1                                                                                                                        123213 1741  399992365569915099088
                                             13 353543622793621            51523  113631402      122                                                                                                                           1  19 12 123999187868379999999996
                                             2512669966 3527475           422 2  31631 44523   11                                                                                                                                 295     2688993999499999999925
                                            13423999998 98943951          11128325321  13645  131                                                                                                                                  11     5212699999909997990395
                                            235659989792442  481           113168673     124  463                                                                                                                                          2 2269999090199969991
                                            16654997531 11  2272            12558 341      1133131                                                                                                                                           2697991399989999095
                                         31 141 1314532 1   122  1 2211 212 2456431521       313142                                                                                                                                          2399488589999979987
                                       332423746 1222  16  2271  21143222224122426114   121 3                                                                                                                                               12 29984218999966692
                                      1398971482 2321   9361184  132139877511 371231 115  23                                                                                                                                                 12775649989962 132 
                                      17899821 2 53 152134344734  1  1165321   1                                                                                                                                                              24554998909541    
                                    11679699211 61  163675  48532      1 2111                                                                                                                                                                  686849909762421  
                                   163579449 336354225274111555211         11                                                                                                                                                                 121 47919997955   
                                    1144433382223535  332  43 2422          11                                                                                                                                                                  1 249907999931  
                                      1341497   58863222        12          1                                                                                                                                                                  153 367999291 2  
                                        111232145943324                    11                                                                                                                                                                  229499942948541  
                                         2123677134 222               1   11                                                                                                                                                                   1499367 342232   
                                         24554 3322  36 1          212113223                                                                                                                                                                  11994222   22331  
                                         31555559461  563          36131 1121                                                                                                                                                                  4431       221   
                                          2 3399431   593          170584732                                                                                                                                                                     21        351  
                                          1821142    11           1 443999712                                                                                                                                                                            1 1371 
                                          69423 2     2      1211  364141231                                                                                                                                                                             5247731
                                         14298976     2   1 12  112 32 1211                                                                                                                                                                             36496522
                                         12517425     343311 2   1                                                                                                                                                                                       1159651
                                        127711 1 1   112   331                                                                                                                                                                                         126259772
                                       231132         1    111                                                                                                                                                                                           2644191
                                       1413                                                                                                                                                                                                             32451 21
                                        4                                                                                                                                                                                                               3 3     
                                                                                                                                                                                                                                                        117 1   
                                                                                                                                                                                                                                                        42446   
                                                                                                                                                                                                                                                 5422  146335   
                                                                                                                                                                                                                                                1356446912134   
                                                                                                                                                                                                                                                35996796613645  
                                                                                                                                                                                                                                                1597492912 691  
                                                                                                                                                                                                                                                190544794  2 1  
                                                                                                                                                                                                                                                 413519982 1    
                                                                                                                                                                                                                                                    6266511     
                                                                                                                                                                                                                                            2        16231      
                                                                                                                                                                                                                                        11211 1      215        
        1                                                                                                                                                                                                                                32  11      121        
    1 345  11                                                                                                                                                                                                                            2    2  12  14         
   11 358222                                                                                                                                                                                                                             2    1 1142 11         
   132134 14                                                                                                                                                                                                                              1    265222           
   22773   22                                                                                                                                                                                                                           112311  211552          
 1188971  12                                                                                                                                                                                                                           12141722     41          
22390432 21 1                                                                                                                                                                                                                          16 42972                 
 2965 781464                                                                                                                                                                                                                           324212443                
286237399924                                                                                                                                                                                                                          12    1241                
  3475699941                                                                                                                                                                                                                           72  1                    
111126285                                                                                                                                                                                                                             1121 31                   
6312664                                                                                                                                                                                                                                1 3 23                   
771358531                                                                                                                                                                                                                                21643922               
52224381                                                                                                                                                                                                                                  1 6451 1              
31 352831                                                                                                                                                                                                                                 12 22   22            
3213 2411                                                                                                                                                                                                                                 1562     11151        
 239513                                                                                                                                                                                                                                     2 1   222511        
  3421                                                                                                                                                                                                                                       1     248 1        
  13                                                                                                                                                                                                                                              132           
    1                                                                                                                                                                                                                                              1            
                                                                                                                                                                                                                                                                
                                                                                                                                                                                                                                                                
                                                                                                                                                                                                                                                                
                                                                                                                                                                                                                                                                
                                                                                                                                                                                                                                                                
                                                                                                                                                                                                                                                                
                                                                                                                                                                                                                                                                
                                                                                                                                                                                                                                                                
                                                                                                                                                                                                                                                                
                                                                                                                                                                                                                                                                
                                                                                                                                                                                                                                                                
                                                                                                                                                                                                                                                                
                                                                                                                                                                                                                                                                
                                                                                                                                                                                                                                                                
                                                                                                                                                                                                                                                                
                                                                                                                                                                                                                                                                
                                                                                                                                                                                                                                                                
                                                                                                                                                                                                                                                                
                                                                                                                                                                                                                                                                
                                                                                                                                                                                                                                                                
                                                                                                                                                                                                                                                                
                                                                                                                                                                                                                                                                
                                                                                                                                                                                                                                                                
                                                                                                                                                                                                                                                                
                                                                                                                                                                                                                                                                
                                                                                                                                                                                                                                                                
                                                                                                                                                                                                                                                                
                                                                                                                                                                                                                                                                
                                                                                                                                                                                                                                                                
                                                                                                                                                                                                                                                                
                                                                                                                                                                                                                                                                
                                                                                                                                                                                                                                                                
                                                                                                                                                                                                                                                                
                                                                                                                                                                                                                                                                
                                                                                                                                                                                                                                                                
                                                                                                                                                                                                                                                                
                                                                                                                                                                                                                                                                
                                                                                                                                                                                                                                                                
                                                                                                                                                                                                                                                                
                                                                                                                                                                                                                                                                
                                                                                                                                                                                                                                                                
                                                                                                                                                                                                                                                                
                                                                                                                                                                                                                                                                
                                                                                                                                                                                                                                                                
                                                                                                                                                                                                                                                                
                                                                                                                                                                                                                                                                
                                                                                                                                                                                                                                                                
                                                                                                                                                                                                                                                                
                                                                                                                                                                                                                                                                
                                                                                                                                                                                                                                                                
                                                                                                                                                                                                                                                                


