                     498777a6 23 3321531184111   1211           
                     2ac861612  22132 41971 1      541232       
                2   2269b431 112 1 122 4631      49255217       
               11121625143          28586231     966a6 252      
               211542 1 42         15 743221      259f22 21     
                4238621311           11b6211      437631611     
             143157684631            16c4 14      4875351       
             44215844661             1e9632       679265        
             171126634422           11c9a34      2276612        
             1132 161  5131          277445332  11533           
               2   31   374          524912642   1 1            
                  1 2  2267    1    121421132                   
                   31   22751  283   3 11                       
                  12174 2233   353   1                          
                  126655552    232 311                          
                   1af62  31   4  131                           
1                   254   41453   1                             
4                    142   2611                                 
1                       13166                                   
21                      124971                                  
321                       421                                   
636     2                  33                                   
629a 252 4                 24                                   
a23b6d9571                 12                                   
7324f55 931                11                                   
4 12bfa246                                                      
2 234983441                                                     
4 111143753                          1                          
31    27b92                         31                          
11     311                      3  211                          
21                               22 276                         
                               117f53421                        
                              121dd6441                         
                            11111696931                         
3                          122    55764                         
                          13  1  225fd23                        
                          481     5728 61                       
                         1762442313351131                       
1                         9f67a622 322 1312                     
                          3fd9e81336a 4114                      
             2             69e641288b91223 1                    
1            16            2ffc68b75f7223 21                    
            13b41          2726ffd2589621  3                    
            16b51           1 25f673988    2                    
  2 1       19a411          3225abb353 1  2                     
11141        7923          1521779593 11 1 2                    
97311        56212         1156768de457  1231                   
46           31  2      1  135cbfaaa877 11                      
1           131   1     41  39adc5ccbd82                        
            3162  1    14b 24b1775396a83   1                    
               1  13   27825535327b63463 331                    
                1332   1ab54d1355668166b 283                    
             113533    43bd9c9ad544222876 442                   
             7423      1334f5ff72666743112221                   
            4221          2472a9531342                          
  1         421          131355794244   1   2                   
 52        13           3414 6c34 12 42 21 252 12               
145    1   112          1113445 1 2864174534222661 11311        
1135   85224421         1672411   11  26663 17abb5412 134       
 233112bef61 12         2b61 1        463872223   24 1133       
3 21335ef9741 12         2            221451621 21  21321       
    1368fb1223          11               11 1 25c25431          
1    33 2622542         11                      244581          
         11 1           2                           6           

Value distribution (total cells: 4096):
  0 (2973,  72.6%)  #############################
  1 ( 285,   7.0%)  ##
  2 ( 205,   5.0%)  ##
  3 ( 138,   3.4%)  #
  4 ( 108,   2.6%)  #
  5 (  78,   1.9%)  
  6 (  89,   2.2%)  
  7 (  56,   1.4%)  
  8 (  33,   0.8%)  
  9 (  36,   0.9%)  
  a (  21,   0.5%)  
  b (  24,   0.6%)  
  c (  11,   0.3%)  
  d (  12,   0.3%)  
  e (   6,   0.1%)  
  f (  21,   0.5%)  

Sea level threshold: 4
  ocean (< 4): 3601 ( 87.9%)
  shore (= 4):  108 (  2.6%)
  land  (> 4):  387 (  9.4%)

